VMUE	VMSS
7.26	7.35
1.56	12.95
7.09	10.79
5.35	6.20
18.01	10.68
9.26	10.23
14.55	13.15
8.00	10.40
10.90	10.42
8.56	0.20
11.06	2.46
6.53	8.52
12.25	15.46
8.01	16.12
15.88	23.50
15.81	27.28
10.39	27.32
10.53	23.47
18.14	23.68
11.70	24.02
14.55	22.34
12.93	20.42
12.05	23.68
6.49	27.33
11.46	21.99
11.96	26.45
15.65	33.40
11.51	27.62
12.61	23.10
14.29	26.80
14.69	29.35
10.65	32.26
15.29	34.28
18.48	35.29
10.71	35.86
11.61	27.52
16.96	29.09
13.98	18.19
10.35	16.92
8.93	24.86
7.06	17.96
11.25	18.72
12.16	17.39
10.25	20.36
7.41	22.49
14.64	21.43
11.15	21.08
12.61	21.77
18.01	20.66
19.94	22.83
19.53	27.03
23.15	30.16
26.18	37.99
35.68	35.29
30.79	35.29
33.64	39.22
39.28	39.25
44.71	40.16
36.90	39.12
31.81	47.80
37.35	54.47
34.75	50.56
34.55	59.79
42.84	63.72
41.75	64.86
45.21	67.42
43.73	79.25
42.88	73.92
45.15	66.93
39.04	60.05
36.21	55.50
37.86	50.50
24.41	39.44
12.53	29.43
6.60	25.59
16.28	19.04
24.44	21.65
6.81	16.29
22.44	18.55
30.75	41.87
30.29	29.19
33.89	25.26
21.81	57.95
27.74	35.77
27.10	42.05
26.28	40.31
23.99	31.89
24.95	39.82
23.05	27.62
19.19	35.14
12.66	66.30
14.13	71.74
12.20	41.62
8.74	29.22
14.93	31.22
15.05	29.08
6.40	17.75
10.48	22.40
12.98	13.31
16.95	18.98
15.54	17.12
10.73	17.22
11.83	27.10
10.56	58.45
28.81	65.29
36.53	26.07
17.44	23.21
11.20	27.58
13.30	36.51
14.33	47.01
20.66	51.04
23.28	52.35
23.65	42.85
16.65	43.32
25.35	46.51
28.91	47.87
22.83	54.15
21.48	38.75
27.68	42.34
22.89	39.29
21.13	37.01
18.80	39.56
8.25	42.08
17.50	48.17
31.99	46.09
24.59	49.82
13.63	44.58
21.68	53.47
30.09	52.67
35.25	49.08
27.59	55.54
33.98	50.82
28.46	52.59
35.14	50.63
36.61	49.20
34.08	45.83
36.78	44.40
33.08	40.96
32.00	43.87
30.48	41.86
36.85	42.34
31.24	39.90
25.76	35.12
26.96	24.12
26.48	30.43
19.63	29.16
22.79	30.16
32.63	28.50
44.45	27.01
27.29	25.26
28.96	26.20
26.11	34.40
31.61	34.18
30.24	45.11
30.36	39.66
27.93	28.90
29.50	26.50
27.83	30.81
30.48	41.29
30.21	45.99
33.89	52.95
39.55	55.94
42.73	56.90
35.98	59.96
41.56	63.03
35.49	55.11
32.36	57.14
31.95	56.37
36.86	55.91
27.89	44.65
16.91	40.99
16.93	36.39
27.34	29.45
29.83	30.95
20.71	34.40
24.81	31.10
23.35	35.46
28.86	42.84
33.21	48.32
34.69	47.19
40.09	47.72
36.18	40.50
29.03	38.33
33.61	35.25
32.59	30.42
29.20	30.01
28.26	29.16
21.51	33.30
29.45	34.45
31.51	36.53
32.25	33.31
26.61	35.13
21.53	15.08
23.43	18.17
29.24	17.50
22.66	17.46
29.00	26.16
19.98	20.83
25.94	15.64
18.76	6.36
18.01	17.19
12.83	20.90
14.08	6.83
21.55	6.30
18.99	18.19
15.09	17.78
25.78	26.49
21.43	24.32
24.98	28.98
35.35	34.51
25.48	29.36
17.20	21.77
9.75	19.50
19.03	17.40
11.33	24.26
17.71	16.86
5.85	18.90
9.71	18.79
16.55	13.23
13.14	19.73
8.98	17.26
13.88	9.25
13.28	14.33
13.46	9.70
11.90	16.56
15.26	23.74
11.85	21.03
4.94	15.91
12.85	15.79
5.80	13.33
3.81	6.54
10.45	7.19
13.60	18.16
10.71	23.71
1.85	16.07
6.98	19.96
9.28	20.01
12.46	20.26
12.99	19.91
10.49	17.90
15.20	13.68
13.40	19.79
8.44	11.16
7.81	15.57
3.71	13.83
9.75	8.91
15.11	13.72
12.51	15.94
12.19	18.62
16.70	12.05
13.19	14.87
11.66	21.09
21.01	25.48
20.75	30.48
19.63	36.10
30.21	44.47
35.31	49.68
33.40	51.27
32.01	37.52
15.73	31.31
12.35	27.90
16.48	27.82
13.80	27.83
9.76	28.16
6.06	29.03
15.89	27.90
20.64	21.52
23.45	29.93
25.93	28.35
14.01	29.76
10.70	31.20
7.25	47.38
16.30	14.35
17.50	27.92
17.28	30.49
21.41	23.55
10.74	19.96
12.08	35.90
16.04	29.40
22.30	25.45
21.36	23.47
18.96	19.85
16.33	20.85
16.59	19.62
11.66	20.46
10.53	16.64
11.15	15.81
13.15	18.94
12.88	18.62
10.68	17.21
7.71	13.82
7.68	15.09
7.45	10.80
3.09	13.61
14.43	15.07
13.85	18.51
9.54	12.41
12.15	16.57
11.93	17.16
14.73	13.51
13.75	19.20
5.69	26.57
15.61	34.81
17.80	47.48
22.86	56.69
27.83	54.86
27.54	47.89
27.80	36.39
20.06	37.57
31.86	80.36
49.59	62.33
39.60	66.25
37.98	62.58
30.71	48.37
23.64	50.37
23.31	54.75
27.23	53.11
19.39	38.91
24.19	33.84
27.93	44.94
31.26	53.61
34.23	42.95
31.16	43.16
24.90	37.21
24.14	38.69
23.91	38.48
25.23	42.63
32.10	48.20
32.08	42.30
25.70	40.94
20.40	35.63
12.09	23.25
10.60	15.51
11.31	21.55
12.09	17.14
15.78	18.37
9.75	14.14
16.50	25.11
17.00	20.95
18.95	15.02
4.25	13.80
9.64	12.88
16.36	14.48
23.63	20.61
21.94	18.37
13.65	15.76
19.63	13.26
17.01	19.38
25.30	18.84
22.79	22.62
19.73	20.25
25.01	24.13
21.36	27.59
16.18	25.40
17.39	26.74
21.06	36.01
15.29	38.61
19.00	23.39
22.03	23.06
15.63	22.92
14.81	19.20
12.88	26.54
13.45	21.41
11.86	26.95
36.54	36.44
33.88	35.31
35.35	33.64
40.68	39.39
38.35	35.20
33.90	25.06
33.84	29.13
29.31	30.39
23.20	28.25
30.61	29.53
30.30	36.62
26.86	36.64
30.19	40.64
39.90	38.76
32.00	36.44
36.36	33.25
29.43	32.14
25.95	34.56
32.05	36.49
33.65	32.41
28.06	29.72
26.40	31.07
27.88	24.54
29.80	27.04
34.44	27.66
35.28	27.37
28.65	35.57
35.53	33.30
37.14	25.89
26.98	26.37
30.79	29.17
35.91	29.90
36.33	31.64
34.23	39.49
35.36	36.93
37.18	35.46
37.34	34.34
30.45	30.00
29.85	36.48
31.20	39.02
38.00	45.70
39.28	40.21
37.75	43.90
38.50	42.79
36.09	46.24
43.78	53.74
46.36	52.39
42.56	42.87
50.14	43.62
49.58	39.31
43.10	38.51
44.30	40.95
42.21	45.74
42.34	37.76
38.74	33.19
42.41	31.50
35.86	36.07
33.49	28.56
35.96	32.45
23.51	31.13
30.29	31.97
34.55	32.61
30.74	26.64
25.01	26.71
23.49	30.04
27.23	30.71
25.09	29.28
27.41	28.85
30.23	29.94
23.64	29.75
18.91	27.72
37.40	30.56
41.23	31.50
28.88	26.35
34.75	30.33
35.41	28.38
40.63	28.16
29.29	29.91
35.25	28.34
34.55	35.66
37.24	38.95
39.30	48.16
46.26	54.47
50.41	63.54
57.08	64.45
65.41	64.16
65.24	65.96
54.96	62.89
55.58	57.23
53.53	52.73
51.70	55.36
45.56	54.02
50.05	49.97
45.90	47.74
39.64	46.95
41.79	52.38
48.29	51.08
49.39	51.07
55.13	50.46
62.98	57.48
57.11	62.90
56.31	61.34
56.60	63.33
61.16	63.21
57.71	60.37
53.56	60.72
55.40	54.58
54.80	56.03
52.64	59.43
54.09	64.42
50.75	51.13
48.64	50.79
49.80	48.94
43.41	45.46
46.45	42.25
48.55	40.77
44.35	40.65
43.34	42.40
40.79	43.60
46.23	39.99
51.54	40.06
52.86	40.06
56.13	37.04
51.93	35.97
48.76	33.62
47.08	24.14
35.63	23.35
36.00	27.63
48.15	43.51
49.79	51.75
51.84	58.38
62.15	66.06
64.46	68.90
64.53	69.34
61.59	53.42
59.45	60.69
58.56	61.12
55.99	60.96
56.40	62.08
56.84	60.83
51.79	74.63
57.33	66.04
60.79	71.15
64.79	74.58
74.39	81.38
68.55	86.46
82.84	87.47
87.05	86.81
79.23	95.84
86.03	106.03
83.74	91.74
89.60	94.21
86.56	97.01
94.30	98.60
87.24	92.69
80.63	99.25
72.40	98.94
74.38	94.97
71.06	89.85
70.90	76.65
72.61	69.75
68.10	52.57
58.89	60.51
57.10	56.71
49.70	47.58
48.45	45.65
47.71	36.78
49.40	34.88
57.28	28.58
54.03	29.60
47.01	26.54
48.19	27.38
40.25	28.25
43.38	27.22
40.54	29.21
42.69	28.64
41.91	34.64
39.55	52.66
41.73	61.24
55.54	62.33
62.51	65.71
62.40	60.15
57.10	54.24
50.95	49.28
52.20	51.12
52.51	61.66
54.83	55.57
66.54	72.69
66.94	70.77
58.26	56.52
57.01	64.78
61.80	71.91
66.99	68.54
61.94	71.05
60.56	66.18
62.26	69.17
61.21	69.53
59.94	53.26
46.59	51.80
51.35	57.07
53.41	59.19
47.88	61.90
45.43	53.84
45.26	49.52
42.80	44.23
39.48	41.49
37.64	37.30
34.68	29.60
24.91	22.15
15.10	18.23
22.71	21.65
20.28	21.52
17.00	15.28
21.74	14.11
15.73	15.98
7.55	17.72
13.38	15.91
19.56	15.03
15.31	13.51
16.63	16.66
18.36	14.16
16.96	14.58
22.74	13.29
19.29	17.15
26.01	21.13
33.94	37.94
35.85	46.99
39.68	63.14
46.51	74.58
51.28	71.66
45.09	66.84
38.58	60.98
38.19	55.62
32.63	58.88
38.45	46.85
41.55	50.14
52.85	57.27
52.43	50.24
44.28	49.72
47.59	53.17
40.60	63.01
50.35	54.78
48.43	60.53
40.99	57.34
44.79	53.24
43.54	66.96
48.09	57.68
50.08	50.35
47.93	41.35
49.08	39.45
38.14	39.44
44.06	36.30
41.05	34.16
34.53	32.66
37.33	32.55
34.96	25.74
33.54	29.51
29.44	28.73
24.76	24.76
27.43	25.68
23.85	25.63
41.51	28.19
37.30	27.09
36.84	24.36
24.55	20.40
17.24	21.50
17.63	19.63
21.73	16.29
22.84	15.15
18.39	16.20
18.08	18.03
16.63	19.32
20.55	25.10
23.91	36.48
23.76	39.66
19.60	43.75
18.86	36.96
23.28	33.16
23.04	33.62
23.49	34.30
19.06	40.92
24.16	27.53
18.50	22.89
13.54	24.62
21.38	26.89
22.95	27.05
18.40	28.35
20.09	29.89
24.43	34.36
27.96	37.16
12.46	27.86
20.19	45.70
17.21	37.62
26.98	32.81
23.45	36.49
26.75	34.79
34.93	33.52
31.36	41.64
34.24	28.51
29.98	19.34
26.01	19.25
19.53	23.00
17.59	24.29
19.43	29.01
19.39	29.22
18.80	38.17
15.18	36.26
13.31	29.87
17.58	30.33
12.50	21.66
23.56	21.02
24.89	27.80
15.75	25.84
23.26	20.11
18.45	14.89
21.83	25.52
19.93	36.14
12.18	8.45
8.89	7.53
5.34	12.63
8.13	20.94
11.20	24.97
14.36	25.00
18.96	32.86
16.06	28.88
16.14	29.17
17.91	30.20
14.66	32.86
18.53	38.44
18.38	33.76
14.20	26.50
14.83	28.30
6.49	13.19
9.19	14.24
6.11	19.24
13.61	14.07
14.86	15.21
13.06	17.16
12.93	24.87
9.55	13.43
16.60	31.05
22.98	35.22
20.59	27.08
18.70	23.28
18.94	20.41
15.41	23.47
20.31	27.57
25.66	25.65
25.00	25.50
21.23	31.63
21.18	19.23
17.93	16.66
15.36	15.02
19.34	15.69
23.48	21.31
17.96	24.97
12.71	21.94
5.56	20.21
15.35	23.85
19.39	19.13
15.74	21.00
19.01	18.04
22.18	10.26
15.51	8.82
15.11	10.45
11.38	12.64
11.00	12.49
14.41	12.20
6.10	11.89
9.70	12.95
10.91	14.92
9.75	17.59
4.49	18.62
14.59	20.95
11.43	31.30
20.94	41.79
12.53	32.34
8.58	40.19
11.10	24.82
18.55	20.39
9.08	17.56
7.54	21.56
8.86	18.67
13.93	26.02
16.36	15.55
13.59	13.05
13.00	26.33
13.46	30.82
23.60	12.22
29.66	23.60
28.59	29.77
28.74	43.95
36.95	38.67
34.89	32.97
30.68	41.00
33.96	44.00
38.48	43.80
34.48	39.98
34.50	34.27
30.85	31.05
32.36	28.31
27.50	32.96
31.65	28.87
29.90	26.85
29.51	18.37
30.55	21.60
34.44	29.08
28.53	26.06
37.50	18.86
35.26	19.81
36.70	16.86
30.48	11.52
20.05	8.52
27.03	7.45
24.85	5.37
13.95	3.11
10.03	4.64
13.18	7.71
11.26	13.05
12.66	17.10
13.34	21.26
15.98	21.27
15.95	18.03
10.30	17.05
9.91	17.00
4.75	20.56
10.08	20.13
12.39	17.84
10.56	20.70
6.19	13.60
10.09	11.83
13.96	8.14
18.09	12.56
4.34	11.44
12.13	14.33
15.18	12.81
11.13	11.66
10.28	19.28
21.69	18.72
13.68	14.72
12.85	11.18
15.73	12.05
7.05	10.13
9.34	18.17
14.15	12.86
12.34	8.97
11.64	8.39
13.61	11.45
9.69	10.85
7.64	9.59
5.25	7.57
10.91	3.78
21.16	22.44
25.55	21.60
38.16	19.96
29.25	20.00
29.60	20.61
22.23	16.54
21.79	15.90
28.69	13.63
24.21	15.83
24.19	20.05
29.86	19.06
31.69	22.83
31.50	28.68
27.43	27.93
25.36	30.25
30.06	38.96
32.86	43.51
34.53	43.51
29.80	35.27
32.73	37.12
32.51	42.00
28.93	43.62
25.59	36.07
25.78	32.32
19.15	41.04
22.65	37.89
27.61	28.72
23.74	29.06
25.69	32.09
23.89	31.16
25.80	31.64
25.13	31.71
21.88	31.34
24.05	37.11
30.95	37.08
26.70	31.27
27.03	27.03
16.30	20.19
14.43	17.73
19.35	13.00
22.10	21.29
26.91	12.92
14.31	11.71
15.06	14.83
20.04	11.00
16.43	11.01
16.50	12.42
12.66	11.74
13.14	13.39
4.66	10.42
15.28	11.74
25.19	13.09
21.06	10.09
13.83	9.59
15.48	9.05
13.86	9.60
13.53	9.82
14.90	10.50
16.29	9.30
16.48	12.39
20.54	13.32
18.33	23.34
15.51	28.40
20.00	32.34
22.88	39.43
27.20	35.04
32.01	38.18
15.10	33.82
21.33	34.61
23.36	35.81
23.30	29.36
16.83	38.01
21.11	32.07
26.48	29.24
19.63	31.50
27.44	33.35
32.41	40.04
26.63	32.34
26.10	23.95
32.66	28.68
36.46	25.26
35.30	18.48
35.63	14.14
32.74	15.78
33.49	21.11
30.99	28.40
23.16	33.06
21.40	35.24
18.64	22.82
16.89	17.77
18.58	18.74
18.63	23.34
9.29	28.16
5.71	21.53
13.34	11.73
14.38	14.44
21.10	26.72
22.63	25.53
22.55	24.71
18.69	29.33
19.36	29.09
20.36	22.64
19.11	25.45
20.38	19.81
21.59	18.57
18.40	22.53
19.36	20.93
23.09	18.45
18.35	16.78
12.24	12.01
10.01	11.79
9.36	7.99
12.58	7.18
12.26	13.73
9.60	12.02
18.26	17.64
12.25	15.89
10.40	11.49
6.15	17.12
11.80	12.90
14.84	10.34
18.26	12.00
13.70	15.15
11.14	15.72
13.13	19.42
16.96	17.26
13.79	18.59
6.89	21.60
10.89	20.99
14.34	22.93
17.70	21.87
18.51	19.15
23.01	18.94
12.96	20.40
13.85	23.37
21.58	23.64
22.71	20.68
16.76	23.91
18.34	24.23
28.84	22.68
21.05	25.38
18.51	20.93
24.69	25.06
21.90	22.02
15.66	18.27
17.00	14.94
17.88	12.64
18.74	14.55
19.95	12.65
23.69	10.42
17.38	8.04
19.58	8.15
16.10	7.30
13.05	7.30
17.36	5.64
12.55	10.27
14.44	12.94
17.36	14.23
18.76	10.68
25.39	17.88
23.79	18.90
27.98	16.96
33.85	28.98
31.30	50.48
38.63	91.20
37.59	137.15
61.58	79.47
80.65	73.66
60.46	59.62
40.96	55.81
39.59	60.68
29.95	60.30
34.38	48.70
34.25	45.94
28.81	38.71
32.01	44.42
33.04	53.39
46.41	61.41
40.69	56.08
44.95	63.33
49.91	63.24
48.41	59.79
47.16	57.96
47.56	53.89
42.10	47.21
40.33	43.52
41.46	39.83
39.73	55.10
38.36	40.77
37.00	37.20
34.55	34.74
33.78	32.26
38.35	29.82
32.69	34.95
33.20	33.09
37.93	31.51
40.06	31.39
36.58	27.23
31.66	22.50
35.13	22.15
34.04	24.47
38.89	26.64
32.06	23.66
32.94	26.54
35.15	28.34
35.19	28.31
41.60	24.86
49.23	21.55
50.14	26.94
49.34	27.90
42.20	29.37
43.68	27.97
43.19	39.43
50.71	43.66
44.95	53.94
48.34	54.21
46.25	46.22
56.56	53.18
50.14	57.93
51.21	49.95
51.90	75.47
56.86	63.47
63.74	78.41
77.03	84.80
87.38	85.33
66.20	51.67
56.40	49.15
49.89	53.79
52.70	59.04
56.09	53.42
45.43	54.47
43.95	45.08
44.05	42.15
38.61	46.09
39.01	37.37
39.95	36.78
45.76	39.17
36.83	42.11
37.39	38.00
33.18	37.17
24.60	20.91
23.50	25.24
35.23	22.69
33.45	28.29
37.51	28.43
32.14	34.19
29.89	28.23
28.80	28.73
29.08	34.90
29.41	14.42
30.43	19.36
27.48	28.94
27.79	20.07
25.44	22.07
25.15	27.18
21.00	49.02
25.69	50.74
33.33	51.84
27.70	38.53
34.05	51.60
44.88	72.28
57.60	56.80
45.91	49.01
39.61	46.01
39.36	71.51
45.14	38.41
48.99	35.04
49.90	40.97
41.16	38.43
41.95	41.94
50.96	47.40
50.96	25.64
53.74	9.88
57.38	10.32
45.25	13.38
46.55	12.85
34.08	18.56
37.19	19.39
41.65	17.43
39.00	14.73
40.10	14.75
31.98	17.86
30.18	24.65
27.13	25.06
25.98	23.09
27.49	43.30
35.99	70.69
38.50	61.33
31.31	53.22
38.30	19.60
34.45	19.96
29.33	20.15
28.29	30.92
28.73	50.66
35.89	22.81
24.44	25.89
30.60	22.28
31.04	26.18
32.18	39.18
40.09	43.50
44.24	34.28
45.26	37.54
56.79	47.33
62.43	51.59
53.34	43.57
34.99	39.42
33.70	35.42
27.69	34.43
26.29	38.56
27.60	37.81
25.39	31.37
30.41	30.57
26.00	28.91
15.60	29.97
20.74	26.62
26.26	28.73
23.09	37.76
25.99	35.41
23.86	29.09
24.75	27.07
24.96	31.69
30.86	33.06
28.59	35.40
30.29	42.34
30.95	34.23
34.68	33.49
27.16	27.91
21.41	29.49
30.03	29.62
33.63	28.44
26.29	32.35
32.41	28.35
33.51	25.24
25.46	24.84
23.54	26.68
27.73	21.64
27.09	20.76
17.89	18.29
28.74	13.55
21.44	12.39
24.74	10.23
23.44	9.50
16.86	7.54
19.41	5.22
18.79	5.41
14.78	4.20
16.74	7.11
20.05	7.31
14.86	8.46
15.98	6.99
11.73	8.49
13.31	18.77
21.35	23.46
21.81	27.41
21.84	33.56
20.49	42.68
26.38	39.37
20.69	42.45
22.40	41.32
32.55	39.91
24.56	32.21
32.54	35.48
40.54	38.10
34.39	35.43
24.91	31.83
19.50	21.77
25.21	28.09
22.75	22.80
22.70	30.01
30.90	28.71
26.99	30.45
27.53	33.92
26.68	36.49
24.84	32.51
25.70	27.25
25.00	31.88
25.79	34.29
25.29	32.51
25.14	34.23
29.60	36.12
29.10	53.34
23.66	37.46
24.36	30.29
30.20	32.75
8.94	12.07
15.81	12.16
4.65	14.79
8.88	17.13
14.00	16.33
9.00	12.73
5.86	11.89
5.19	11.31
7.10	10.18
5.26	8.90
10.81	11.29
9.61	13.64
16.83	20.12
18.29	26.07
18.80	23.47
18.14	31.00
21.58	33.46
26.65	30.81
25.00	32.13
26.10	29.59
18.13	28.54
22.03	27.97
18.73	26.61
18.96	33.37
22.85	29.25
15.23	28.00
13.43	26.75
11.00	25.78
17.96	23.34
13.58	20.17
14.44	21.07
15.83	25.39
14.04	25.53
14.51	19.22
16.46	20.95
12.35	20.19
14.09	18.48
11.80	17.19
7.03	14.48
5.91	21.55
7.91	15.57
2.11	12.57
4.38	13.13
17.54	12.19
8.08	14.33
8.63	13.60
7.23	11.07
4.74	14.12
9.61	16.41
40.19	17.38
35.61	18.79
17.15	20.92
10.86	18.92
12.58	19.98
8.45	12.83
10.01	13.31
8.24	14.09
14.61	12.10
11.35	14.36
13.33	19.47
17.05	21.80
17.86	27.89
18.46	33.54
19.56	40.70
26.84	40.18
27.10	38.82
26.41	39.28
28.79	39.51
31.09	43.18
26.13	39.93
23.90	35.21
27.64	40.53
22.76	36.99
17.45	36.80
26.11	34.78
29.63	24.11
31.60	18.86
25.53	41.74
92.96	50.79
163.70	46.11
35.10	41.72
24.23	39.66
23.70	38.03
24.03	37.93
23.11	41.25
31.44	41.87
29.29	39.55
26.18	38.54
29.91	41.46
33.78	42.92
33.66	39.16
33.73	35.10
27.58	31.03
25.69	29.12
22.71	27.19
25.48	22.74
15.24	22.73
19.26	24.93
19.61	25.45
24.31	23.80
23.54	21.32
21.13	19.32
24.99	18.89
16.03	15.78
17.24	13.04
15.09	11.81
15.91	14.46
18.63	11.79
12.33	11.12
15.50	14.55
12.04	15.21
19.93	17.78
14.99	19.41
6.71	18.95
15.98	19.17
20.56	17.85
10.89	17.16
16.23	19.80
14.16	19.91
10.19	18.93
15.00	20.45
8.53	18.73
17.86	15.90
16.05	16.78
10.88	18.08
13.44	14.89
7.25	15.35
9.79	15.04
7.85	13.57
10.64	16.57
0.06	16.27
8.99	16.08
4.56	13.85
5.64	13.77
6.46	27.19
5.03	20.21
13.25	17.36
4.48	14.59
5.60	12.99
12.09	12.75
3.64	15.99
6.78	17.86
13.30	15.16
9.51	12.42
7.74	19.43
3.18	14.79
12.15	17.70
8.99	18.28
8.09	16.79
10.39	19.32
9.83	15.46
15.20	16.44
5.38	17.86
17.10	19.48
18.04	23.50
16.34	28.30
15.51	30.01
18.80	28.36
24.29	31.75
21.60	33.46
24.63	35.26
31.30	40.21
27.00	42.72
28.50	45.30
25.88	39.82
19.15	33.64
15.38	34.06
15.14	31.32
23.14	38.05
26.79	30.56
32.06	36.83
26.78	36.81
23.24	37.56
31.15	42.84
32.01	37.06
25.78	42.92
31.89	45.05
30.56	46.09
32.39	54.50
36.86	58.30
29.90	51.57
34.69	52.83
32.74	46.95
31.01	40.73
27.70	42.29
28.48	42.38
21.11	33.45
23.84	31.94
23.53	30.34
17.71	26.68
22.21	23.21
14.53	22.95
9.95	21.95
13.70	22.95
18.04	25.53
14.03	20.69
12.48	18.90
13.48	19.04
14.75	19.43
16.30	21.40
21.36	20.44
16.51	20.95
15.55	20.75
15.68	20.50
17.34	20.26
13.35	22.27
16.78	19.95
19.80	20.81
23.11	21.13
18.46	22.04
16.81	28.03
16.26	40.37
21.99	44.12
31.09	49.10
31.96	54.17
41.50	61.72
43.84	63.45
30.79	62.70
48.19	68.39
61.08	63.75
57.23	62.30
51.36	61.02
50.96	58.89
48.06	46.62
46.14	41.47
42.08	39.34
39.20	36.60
37.19	38.27
35.53	35.21
30.46	35.54
35.34	35.56
32.41	30.06
25.31	31.48
24.20	29.28
24.96	23.35
22.90	17.33
11.93	14.97
12.81	13.20
15.78	12.94
10.38	8.98
16.90	21.18
4.00	22.92
16.53	22.24
20.44	22.59
22.39	23.22
15.28	23.97
19.70	23.25
18.45	22.98
16.58	22.68
21.05	21.49
21.59	20.19
25.55	23.28
23.59	22.62
14.54	31.74
21.43	36.46
23.50	31.92
21.48	34.94
24.99	42.37
25.54	44.77
27.66	43.36
21.54	42.08
25.46	42.17
24.25	41.10
25.13	43.64
26.75	40.14
27.08	38.10
28.60	38.00
28.20	34.22
23.93	39.11
24.11	38.42
20.35	43.06
26.49	42.41
18.00	47.65
19.24	47.19
26.31	44.86
22.44	32.36
26.39	39.57
24.25	34.46
24.55	36.68
27.80	29.18
23.48	25.83
24.34	18.86
21.70	15.30
24.14	16.48
26.56	11.77
28.24	14.98
20.64	19.31
20.98	18.78
25.69	18.89
19.84	19.40
26.65	16.16
32.34	16.26
26.35	20.12
30.71	20.79
26.64	21.40
32.09	17.44
23.91	19.80
13.49	24.44
20.49	23.78
13.98	23.18
20.26	27.99
24.68	32.18
19.65	32.05
18.96	36.28
24.50	36.59
22.59	41.29
30.38	42.10
32.39	37.53
27.74	39.56
26.88	41.79
28.28	36.98
30.95	37.33
30.53	39.51
25.03	37.58
25.50	33.63
27.08	36.15
26.43	41.64
31.60	33.91
30.49	32.19
24.59	32.32
28.13	32.99
25.39	33.29
20.81	34.52
25.59	36.09
31.11	37.85
29.85	37.28
26.44	35.41
17.84	35.02
23.96	32.03
21.34	30.89
18.83	28.56
20.90	30.20
15.06	33.86
13.14	32.08
14.36	26.82
25.94	25.12
25.28	25.30
15.85	26.67
21.44	24.75
12.18	26.02
18.43	24.47
18.90	26.22
15.58	26.99
10.95	18.36
13.13	9.82
13.55	8.27
19.80	15.27
20.39	24.51
18.21	26.85
18.56	28.13
21.28	25.56
17.59	23.70
18.73	25.01
27.48	36.36
15.71	48.18
28.16	47.72
26.00	39.61
16.63	44.67
20.11	43.35
24.50	40.22
27.66	38.12
15.10	36.13
24.20	37.96
24.79	34.50
28.43	36.14
21.06	44.92
18.10	38.96
9.51	36.33
8.54	31.03
7.11	27.68
9.74	32.41
7.16	41.15
9.59	38.93
15.28	41.38
13.00	31.78
15.90	27.16
10.88	31.72
17.81	26.57
15.20	21.97
22.98	25.23
20.20	20.26
28.69	21.17
23.80	25.88
20.05	28.63
24.36	31.96
22.05	35.56
22.38	26.24
30.23	18.01
25.39	15.59
32.23	10.70
35.99	5.05
36.24	10.43
40.49	13.65
32.70	21.16
29.41	24.63
24.00	23.67
29.23	29.56
32.18	30.67
35.06	28.37
27.53	28.33
33.65	26.12
25.64	28.70
27.83	30.37
35.10	32.32
24.68	35.02
26.53	37.50
27.11	42.36
27.09	50.28
23.74	45.40
31.73	36.27
26.66	32.31
25.56	29.13
25.80	29.86
29.03	19.78
26.10	23.31
25.44	36.99
27.96	24.24
29.75	23.81
29.40	26.57
28.24	27.90
24.14	23.85
20.50	24.40
10.33	26.18
4.25	21.73
11.43	25.02
23.90	23.66
24.71	21.30
28.45	27.49
30.51	27.29
32.90	31.02
35.81	31.12
28.23	29.79
17.90	25.10
17.11	26.22
24.44	27.01
24.81	21.30
24.39	18.51
21.04	18.17
25.50	16.63
24.33	19.68
24.66	21.94
22.56	18.47
21.83	19.60
22.85	25.74
17.30	30.43
19.53	32.73
20.45	35.34
26.03	42.90
21.51	40.01
34.60	41.51
35.00	42.89
35.54	43.72
46.66	45.76
38.01	33.24
36.84	33.76
47.14	31.09
39.56	42.19
31.80	38.99
50.93	39.76
73.35	41.35
71.56	52.08
83.25	50.43
94.40	46.83
94.05	63.87
94.81	73.44
94.46	76.13
76.66	71.93
54.35	59.72
48.84	47.86
48.30	26.38
43.26	25.10
38.84	21.74
34.31	28.05
33.33	35.06
30.50	33.98
33.46	31.11
35.56	31.10
34.66	28.56
26.23	22.32
24.16	20.73
25.10	23.73
24.29	19.19
21.53	21.14
20.21	23.97
17.18	27.23
14.68	27.10
18.53	26.99
23.35	28.62
11.86	25.36
12.95	22.30
10.06	22.14
19.00	22.87
17.30	27.66
17.99	37.46
17.06	39.49
27.33	48.50
32.91	56.37
36.56	58.15
29.45	60.57
30.58	61.27
33.46	63.58
32.50	62.10
33.81	61.90
40.00	61.79
46.58	52.48
50.53	60.72
54.93	79.75
51.26	100.50
48.05	110.44
50.63	103.30
58.38	117.07
58.78	117.50
62.14	116.23
54.80	87.84
45.64	73.22
55.74	63.46
55.11	71.18
55.59	67.88
48.89	62.42
48.96	51.35
54.05	47.58
51.74	37.70
50.93	32.34
45.81	34.56
47.81	35.31
41.73	38.55
43.61	30.50
41.54	25.05
35.85	8.17
31.61	6.37
34.48	9.04
31.64	14.36
35.09	6.97
29.18	7.68
26.76	12.27
32.59	10.61
34.74	11.07
29.80	12.80
25.64	19.06
29.21	19.17
28.53	26.77
28.90	32.42
29.05	40.87
31.30	47.43
31.19	51.46
34.04	45.73
25.58	49.57
29.53	57.20
38.19	52.04
36.21	56.39
27.95	49.24
22.16	58.39
15.04	60.48
20.09	69.72
31.06	58.93
28.38	65.53
31.84	67.28
35.74	64.38
33.55	72.72
20.55	68.05
14.66	64.64
20.40	66.66
23.36	68.45
21.24	68.37
22.74	66.65
25.08	67.77
24.14	57.90
23.59	58.14
24.91	62.93
27.26	61.96
25.03	61.35
26.78	53.64
32.68	51.60
36.59	55.11
30.51	48.11
29.50	46.10
39.61	42.69
34.05	39.74
32.33	38.02
42.58	35.39
38.83	33.46
33.09	36.99
30.73	35.93
36.30	35.42
29.03	35.28
35.70	27.80
23.39	28.02
33.23	30.89
30.73	37.95
30.71	39.96
30.58	31.51
37.84	50.47
38.21	51.28
31.71	45.96
30.91	43.95
24.14	45.44
27.09	47.84
23.43	27.40
23.20	29.05
28.46	25.92
31.51	23.67
34.69	27.60
27.56	21.83
22.86	25.81
31.96	25.66
18.20	22.70
17.88	12.91
28.41	35.65
34.58	21.85
28.01	23.25
35.48	33.48
29.91	39.86
34.51	37.42
30.63	36.25
33.28	33.18
37.43	37.32
43.68	39.31
41.63	42.51
40.14	35.02
42.68	22.85
36.03	28.45
27.64	34.01
31.95	41.65
29.81	44.92
31.64	46.57
29.45	46.02
34.65	37.62
39.50	34.29
31.20	38.45
35.26	32.45
38.98	31.29
44.00	65.79
40.09	22.78
35.84	16.84
41.46	23.86
38.35	24.48
47.13	31.87
39.21	32.22
37.98	27.67
36.74	39.65
28.74	29.86
26.49	21.32
33.36	15.19
36.50	8.95
33.09	20.01
33.08	29.62
38.39	43.72
35.91	16.78
34.84	19.95
34.36	35.62
47.11	22.67
43.26	21.26
51.89	33.68
44.18	30.31
49.61	19.70
41.75	18.81
43.96	20.81
41.83	19.70
40.24	29.57
41.43	27.31
46.13	30.99
41.49	31.84
40.85	37.29
47.64	41.13
43.15	35.40
41.49	31.31
49.00	28.14
46.65	18.69
56.31	12.24
54.70	19.60
54.19	24.63
48.91	26.19
12.09	29.87
15.69	27.62
11.95	29.92
10.84	25.76
10.75	19.59
13.54	14.34
8.21	12.04
10.08	17.96
16.56	18.58
11.24	16.68
17.71	18.05
19.18	21.49
13.31	23.35
18.73	29.49
18.83	34.22
14.81	46.59
23.35	49.76
22.80	45.62
20.30	45.21
16.44	45.56
20.10	40.15
24.54	41.51
25.94	42.47
21.96	40.94
26.99	33.58
32.33	32.36
18.75	29.49
20.89	31.26
26.43	32.54
28.96	21.26
28.26	15.77
34.03	18.66
37.18	10.90
24.88	7.79
28.55	4.78
40.91	7.20
30.73	12.80
26.93	4.21
29.54	1.10
31.01	6.40
30.83	1.14
27.91	3.77
28.28	2.54
30.68	5.02
35.45	8.08
32.51	6.81
33.73	4.62
30.10	4.32
33.30	6.57
29.34	6.49
29.11	5.36
32.61	4.22
30.16	5.98
35.48	7.17
38.61	5.04
29.14	4.80
33.13	6.39
30.30	7.34
27.21	8.64
33.44	10.31
38.68	10.96
35.55	10.69
32.99	12.45
41.41	14.64
41.55	17.80
44.34	17.03
49.48	13.27
38.78	14.71
38.26	18.34
40.91	24.18
39.05	22.45
44.40	19.88
41.76	17.99
41.51	13.79
46.66	21.20
56.15	20.37
51.50	26.51
52.55	26.92
60.03	26.94
62.58	27.18
65.11	23.10
66.94	29.19
56.74	26.83
48.96	31.06
49.15	36.70
48.26	34.39
48.58	33.62
41.25	40.83
49.63	38.28
54.34	38.98
41.41	31.30
50.36	32.87
41.91	33.55
35.09	29.20
31.13	29.56
25.75	30.07
26.29	27.27
24.93	25.73
20.23	29.74
18.94	27.39
28.55	30.84
24.33	28.27
22.64	24.79
37.79	24.80
32.34	26.51
37.34	24.29
33.28	27.91
44.71	32.04
35.00	39.39
34.28	41.52
33.38	38.35
36.83	39.14
36.78	44.48
33.43	55.47
35.94	40.52
34.24	47.07
27.20	51.46
27.46	42.07
23.29	51.96
14.58	50.07
14.66	40.89
15.96	46.04
25.96	49.61
38.04	52.18
43.59	58.66
40.95	59.58
38.68	68.09
50.31	65.31
52.63	63.09
44.30	58.54
43.01	54.28
41.40	46.84
42.66	45.72
42.28	43.78
49.45	47.09
47.46	48.68
45.13	48.09
45.50	37.79
44.98	44.51
47.51	41.25
42.63	35.47
42.19	31.56
42.50	19.87
38.31	20.37
